[2.jpg]
filters=finetune2=1,0.000000,0.000000,0.115088,00000000,0.000000;finetune2=1,0.157895,0.007843,0.000000,00000000,-0.660819;finetune2=1,0.000000,0.005614,0.000000,00000000,0.000000;
backuphash=10874
text=4;718;596;হে নবী! আপনি আপনার পত্নীগণকে ও কন্যাগণকে এবং মুমিনদের স্ত্রীগণকে বলুন, তারা যেন তাদের চাদরের কিয়দাংশ নিজেদের উপর টেনে নেয়। এতে তাদেরকে চেনা সহজ হবে। ফলে তাদেরকে উত্যক্ত করা হবে না। আল্লাহ্ ক্ষমাশীল পরম দয়ালু।&#013;&#010;&#091;সূরা আহযাবঃ ৫৯&#093;&#013;&#010;;Arial;0.181859,0.614037,0.051308,5.908764;v1,4294967295,4278190080,128.000000,1.000000,0.000000,1.000000,700,0,49160;;718;596;হে নবী! আপনি আপনার পত্নীগণকে ও কন্যাগণকে এবং মুমিনদের স্ত্রীগণকে বলুন, তারা যেন তাদের চাদরের কিয়দাংশ নিজেদের উপর টেনে নেয়। এতে তাদেরকে চেনা সহজ হবে। ফলে তাদেরকে উত্যক্ত করা হবে না। আল্লাহ্ ক্ষমাশীল পরম দয়ালু।&#013;&#010;&#091;সূরা আহযাবঃ ৫৯&#093;&#013;&#010;;Arial;0.097827,0.650404,0.076962,5.908764;v1,4294967295,4278190080,128.000000,1.000000,0.000000,1.000000,700,0,49160;;718;596;হে নবী! আপনি আপনার পত্নীগণকে ও কন্যাগণকে এবং মুমিনদের স্ত্রীগণকে বলুন, তারা যেন তাদের চাদরের কিয়দাংশ নিজেদের উপর টেনে নেয়। এতে তাদেরকে চেনা সহজ হবে। ফলে তাদেরকে উত্যক্ত করা হবে না। আল্লাহ্ ক্ষমাশীল পরম দয়ালু।&#013;&#010;&#091;সূরা আহযাবঃ ৫৯&#093;&#013;&#010;;Arial;0.009354,0.681446,0.076962,5.908764;v1,4281737105,4278190080,128.000000,1.000000,0.000000,1.000000,700,0,49160;;394;272;&#013;&#010;قُل لِّلْمُؤْمِنِينَ يَغُضُّوا مِنْ أَبْصَارِهِمْ وَيَحْفَظُوا فُرُوجَهُمْ ۚ ذَٰلِكَ أَزْكَىٰ لَهُمْ ۗ إِنَّ اللَّهَ خَبِيرٌ بِمَا يَصْنَعُونَ&#013;&#010;;Arial;0.121528,0.793981,0.085175,6.189619;v1,4291217963,4278190080,128.000000,1.000000,0.000000,1.000000,700,0,49160;;
textactive=1
